/*--------------------------------*- C++ -*----------------------------------*\
| =========                 |                                                 |
| \\      /  F ield         | OpenFOAM: The Open Source CFD Toolbox           |
|  \\    /   O peration     | Version:  2206                                  |
|   \\  /    A nd           | Website:  www.openfoam.com                      |
|    \\/     M anipulation  |                                                 |
\*---------------------------------------------------------------------------*/
FoamFile
{
    version     2.0;
    format      ascii;
    arch        "LSB;label=32;scalar=64";
    class       faceSet;
    location    "constant/polyMesh/sets";
    object      outlet_side_7;
}
// * * * * * * * * * * * * * * * * * * * * * * * * * * * * * * * * * * * * * //


272
(
140379
140383
140387
139365
140391
139369
140395
139373
140399
138351
139377
140403
138355
139381
140406
138359
139385
137337
138363
139389
137341
138367
139392
137345
138371
136323
137349
138375
136327
137353
138378
136331
137357
136335
137361
136339
137364
136343
136347
136350
140548
140552
140556
139534
140560
139538
140564
139542
140568
138520
139546
140572
138524
139550
140575
138528
139554
137506
138532
139558
137510
138536
139561
137514
138540
136492
137518
138544
136496
137522
138547
136500
137526
136504
137530
136508
137533
136512
136516
136519
135592
140717
135597
140721
135602
140725
139703
135607
140729
139707
135612
140733
139711
140737
138689
135617
139715
140741
138693
135622
139719
140744
138697
135626
139723
137675
138701
139727
137679
138705
139730
137683
138709
136661
137687
138713
136665
137691
138716
136669
137695
136673
137699
136677
137702
136681
136685
136688
140886
140890
140894
139872
140898
139876
140902
139880
140906
138858
139884
140910
138862
139888
140913
138866
139892
137844
138870
139896
137848
138874
139899
137852
138878
136830
137856
138882
136834
137860
138885
136838
137864
135816
136842
137868
135820
136846
137871
135824
136850
135828
136854
135832
136857
135836
135840
135843
141055
141059
141063
140041
141067
140045
141071
140049
141075
139027
140053
141079
139031
140057
141082
139035
140061
138013
139039
140065
138017
139043
140068
138021
139047
136999
138025
139051
137003
138029
139054
137007
138033
135985
137011
138037
135989
137015
138040
135993
137019
135997
137023
136001
137026
136005
136009
136012
141223
141226
141229
141232
140210
141235
141238
140214
141241
140218
141243
139196
140222
139200
140226
139204
140230
138182
139208
140234
138186
139212
140237
138190
139216
137168
138194
139220
137172
138198
139223
137176
138202
136154
137180
138206
136158
137184
138209
136162
137188
136166
137192
136170
137195
136174
136178
136181
)


// ************************************************************************* //
