/*--------------------------------*- C++ -*----------------------------------*\
| =========                 |                                                 |
| \\      /  F ield         | OpenFOAM: The Open Source CFD Toolbox           |
|  \\    /   O peration     | Version:  2206                                  |
|   \\  /    A nd           | Website:  www.openfoam.com                      |
|    \\/     M anipulation  |                                                 |
\*---------------------------------------------------------------------------*/
FoamFile
{
    version     2.0;
    format      ascii;
    arch        "LSB;label=32;scalar=64";
    class       faceSet;
    location    "constant/polyMesh/sets";
    object      outlet_side_4;
}
// * * * * * * * * * * * * * * * * * * * * * * * * * * * * * * * * * * * * * //


216
(
132187
132190
131680
132193
131683
132196
131173
131686
132199
131176
131689
132202
130666
131179
131692
132205
130669
131182
132207
131695
130159
130672
131185
131698
130162
130675
131700
131188
129652
130165
130678
131191
129655
130168
131193
130681
129145
129658
130171
130684
129148
129661
130686
130174
128638
129151
129664
130177
128641
129154
130179
129667
128131
128644
129157
129670
128134
128647
129672
129160
128137
128650
129163
128140
129165
128653
128143
128656
128658
128146
128149
128151
132356
132359
131849
132362
131852
132365
131342
131855
132368
131345
131858
132371
130835
131348
131861
132374
130838
131351
132376
131864
130328
130841
131354
131867
130331
130844
131869
131357
129821
130334
130847
131360
129824
130337
131362
130850
129314
129827
130340
130853
129317
129830
130855
130343
128807
129320
129833
130346
128810
129323
130348
129836
128300
128813
129326
129839
128303
128816
129841
129329
128306
128819
129332
128309
129334
128822
128312
128825
128827
128315
128318
128320
132018
132021
131511
132024
131514
132027
131004
131517
132030
131007
131520
132033
130497
131010
131523
132036
130500
131013
132038
131526
129990
130503
131016
131529
129993
130506
131531
131019
129483
129996
130509
131022
129486
129999
131024
130512
128976
129489
130002
130515
128979
129492
130517
130005
128469
128982
129495
130008
128472
128985
130010
129498
127962
128475
128988
129501
127965
128478
129503
128991
127968
128481
128994
127971
128996
128484
127974
128487
128489
127977
127980
127982
)


// ************************************************************************* //
