/*--------------------------------*- C++ -*----------------------------------*\
| =========                 |                                                 |
| \\      /  F ield         | OpenFOAM: The Open Source CFD Toolbox           |
|  \\    /   O peration     | Version:  2206                                  |
|   \\  /    A nd           | Website:  www.openfoam.com                      |
|    \\/     M anipulation  |                                                 |
\*---------------------------------------------------------------------------*/
FoamFile
{
    version     2.0;
    format      ascii;
    arch        "LSB;label=32;scalar=64";
    class       faceSet;
    location    "constant/polyMesh/sets";
    object      Surface;
}
// * * * * * * * * * * * * * * * * * * * * * * * * * * * * * * * * * * * * * //


3723
(
4
9
14
19
24
29
34
39
114729
44
114733
114737
49
114741
54
114745
59
122940
114749
63
122944
114753
122948
114756
122952
122956
139341
139344
122960
49234
139347
122964
139350
49238
32854
122967
139353
49242
32858
16474
139356
8284
49246
32862
16478
139359
8288
139361
49250
32866
16482
8292
49254
32870
16486
8296
49258
32874
16490
8300
49262
32878
16494
8304
49266
32882
16498
8308
49270
32886
16502
8312
49274
32890
16506
8316
131197
49278
32894
16510
8320
131201
49281
32898
16514
8324
131205
32901
16518
41095
8328
131209
16521
41098
8331
131213
41101
41104
131217
41107
131221
41110
131224
41113
41116
41119
41122
41125
41128
41130
24755
24759
24763
24767
24771
24775
114890
24779
114894
24783
114898
24787
114902
24791
114906
24795
123101
114910
24799
123105
114914
24802
123109
114917
123113
123117
123121
123125
139510
123128
139513
139516
139519
139522
139525
139528
139530
131366
131370
131374
131378
131382
131386
131390
131393
33127
115051
33131
16747
8557
115055
33135
16751
367
8561
115059
33139
16755
371
8565
115063
33143
16759
375
8569
115067
33147
16763
379
8573
123262
115071
33151
16767
383
8577
123266
115075
33155
16771
387
8581
123270
115078
33159
16775
391
8585
123274
33163
16779
395
8589
123278
33167
16783
399
8593
123282
33171
16787
403
8597
123286
33174
16791
407
41368
123289
8601
16794
41371
411
8604
41374
414
139679
41377
139682
41380
139685
41383
139688
41386
139691
41389
139694
41392
139697
139699
41395
41398
41401
41403
25028
25032
25036
131535
25040
131539
25044
131543
25048
131547
25052
131551
25056
131555
25060
131559
25064
131562
25068
25072
25075
115212
115216
115220
115224
115228
123424
115232
115236
123429
115239
123434
123439
123444
123449
123454
123458
139848
139851
139854
139857
139860
139863
139866
139868
131704
131708
17020
8830
131712
17024
640
8834
131716
17028
644
8838
131720
17032
648
8842
131724
17036
652
8846
131728
17040
656
8850
131731
17044
660
8854
17048
664
8858
17052
668
8862
17056
672
8866
17060
676
8870
17064
680
41641
8874
17067
41644
684
115373
8877
41647
687
115377
41650
115381
41653
41656
115385
41659
115389
41662
115393
41665
41668
115397
41671
115400
41674
41676
25301
25305
25309
25313
25317
25321
25325
140017
25329
140020
25333
140023
25337
140026
140029
25341
140032
123648
25345
140035
123652
25348
140037
123656
123660
123664
123668
123672
123675
131873
131877
131881
131885
131889
131893
131897
131900
115534
115538
115542
115546
115550
115554
115558
115561
17293
9103
17297
913
9107
17301
917
9111
17305
921
140186
9115
140189
17309
925
9119
140192
17313
929
140195
9123
17317
933
140198
9127
140201
123817
17321
937
9131
140204
123821
17325
941
140206
9135
33712
123825
17329
945
9139
33716
123829
17333
949
9143
33720
123833
17337
953
41914
9147
33724
17340
123837
41917
957
9150
33728
41920
960
123841
41923
123844
33732
41926
33736
41929
132042
33740
41932
132046
41935
33744
132050
41938
33748
41941
132054
33752
41944
132058
41947
33756
41949
132062
33759
132066
132069
25574
25578
25582
115695
25586
115699
25590
115703
25594
115707
25598
115711
25602
115715
25606
115719
115722
25610
25614
25618
25621
140355
140358
140361
140364
140367
140370
123986
140373
123990
140375
123994
123998
124002
124006
124010
124013
132211
132215
132219
132223
132227
132231
132235
132238
115856
115860
115864
115868
17566
115872
9376
17570
1186
115876
9380
17574
1190
115880
9384
17578
1194
115883
9388
17582
1198
9392
17586
1202
9396
17590
1206
9400
17594
1210
9404
17598
1214
9408
17602
1218
9412
17606
1222
9416
17610
1226
42187
9420
33997
17613
42190
1230
9423
34000
42193
1233
34003
42196
34006
42199
34009
42202
34012
42205
34015
42208
34018
42211
34021
42214
34024
42217
34027
140524
42220
34030
42222
140527
34032
140530
140533
25846
140536
25849
140539
124155
25852
140542
124159
25855
140544
25858
124163
25861
124167
25864
124171
25867
25870
124175
25873
124179
25876
124182
25879
25881
116017
116021
116025
116029
116033
116037
116041
116044
140693
140696
140699
140702
140705
124323
140708
124326
140711
140713
124329
124332
132525
26029
124335
17839
132528
26033
9649
124338
132531
17843
1459
124341
26037
9653
132534
124343
17847
1463
132537
26041
9657
17851
1467
132540
26045
9661
132543
17855
1471
132545
26049
9665
17859
1475
26053
9669
17863
1479
26057
9673
17867
1483
26061
9677
17871
1487
26065
9681
116178
17875
1491
26069
9685
116182
17879
1495
26073
9689
116186
17883
1499
42460
26076
9693
116190
34270
17886
42463
1503
9696
34273
116194
42466
1506
34276
42469
116198
34279
42472
116202
34282
42475
116205
34285
42478
34288
42481
34291
42484
34294
42487
34297
42490
34300
42493
34303
42495
34305
124437
124441
124445
124449
124453
124457
124461
124464
140862
140865
140868
140871
140874
140877
140880
140882
132694
132697
132700
132703
132706
132709
132712
132714
116339
116343
116347
116351
116355
116359
116363
116366
124606
26302
18112
124610
26306
9922
18116
1732
124614
26310
9926
18120
1736
124618
26314
9930
18124
1740
124622
26318
9934
18128
1744
124626
26322
9938
18132
1748
124630
26326
9942
18136
1752
124633
26330
9946
18140
1756
26334
9950
18144
1760
26338
9954
18148
1764
26342
9958
141031
18152
1768
141034
26346
9962
18156
1772
141037
42733
26349
9966
34543
18159
141040
42736
1776
9969
34546
141043
42739
1779
34549
141046
42742
34552
141049
42745
141051
34555
42748
34558
132863
42751
34561
132866
42754
34564
132869
42757
34567
132872
42760
34570
132875
42763
34573
132878
42766
34576
42768
132881
34578
132883
116500
116504
116508
116512
116516
116520
116524
116527
124775
124779
124783
124787
124791
124795
124799
124802
141200
141203
141206
141209
141212
141215
141218
141220
133032
133035
133038
133041
133044
116661
133047
116665
133050
133052
116669
116673
116677
116681
116685
26575
116688
18385
26579
10195
18389
2005
26583
10199
18393
2009
26587
10203
18397
2013
26591
10207
18401
2017
26595
10211
18405
2021
26599
10215
18409
2025
26603
10219
18413
2029
26607
10223
18417
2033
26611
10227
18421
2037
26615
10231
18425
2041
26619
10235
18429
2045
26622
10239
34816
18432
2049
10242
34819
2052
34822
141320
34825
141322
141324
34828
141326
34831
141328
124944
141330
34834
141332
124948
141333
34837
124952
34840
141337
34843
124956
141341
34846
124960
141345
34849
34851
124964
141349
124968
141353
124971
141357
141361
141364
133201
133204
116822
133207
133210
116826
133213
116830
133216
116834
133219
133221
116838
116842
116846
116849
125113
125117
125121
141506
125125
141510
125129
141514
125133
141518
125137
141522
125140
141526
141530
141533
26848
18658
26852
10468
18662
2278
26856
10472
18666
2282
26860
10476
18670
2286
26864
10480
18674
2290
26868
10484
18678
2294
116983
26872
10488
133370
18682
2298
116987
26876
10492
133373
18686
2302
116991
133376
26880
10496
18690
2306
133379
116995
26884
10500
133382
18694
2310
116999
26888
10504
133385
18698
2314
117003
133388
26892
10508
133390
18702
2318
117007
26895
10512
35089
18705
133394
117010
2322
10515
35092
2325
133398
35095
133402
35098
35101
133406
35104
133410
35107
133414
35110
35113
133418
35116
133421
35119
35122
35124
125282
125286
125290
141675
125294
141679
125298
141683
125302
141687
125306
141691
125309
141695
141699
141702
117144
117148
117152
117156
117160
117164
117168
117171
133563
133567
133571
133575
133579
133583
133587
133590
27121
18932
27125
10741
2551
27129
18937
10745
2555
27133
10749
18942
2559
27137
10753
18947
2563
27141
10757
2567
18952
27145
10761
2571
27149
18957
10765
2575
27153
10769
18962
2579
141844
27157
10773
18967
2583
141848
27161
10777
2587
141852
18972
27165
10781
2591
141856
27168
18977
10785
35362
2595
141860
10788
35365
18982
2598
141864
35368
35371
18987
141868
35374
141871
18991
35377
35380
35383
117305
35386
117309
35389
35392
117313
35395
117317
35397
117321
117325
117329
117332
133732
133736
133740
133744
133748
133752
133756
133759
142013
142017
142021
142025
142029
142033
142037
142040
117466
117470
117474
117478
117482
117486
117490
117493
27394
27398
11014
2824
27402
11018
2828
133901
27406
11022
2832
133905
27410
11026
2836
133909
27414
11030
2840
133913
27418
11034
2844
133917
27422
11038
2848
133921
27426
11042
2852
133925
27430
11046
133928
2856
27434
11050
2860
27438
11054
2864
27441
11058
35635
2868
11061
35638
2871
35641
35644
35647
35650
35653
35656
35659
35662
35665
35668
35670
19295
19299
142182
19303
142186
19307
142190
19311
142194
19315
142198
19319
142202
117627
19323
142206
117631
19327
142209
117635
19331
117639
19335
117643
19339
19342
117647
117651
117654
134070
134074
134078
134082
134086
134090
134094
134097
27667
27671
11287
3097
27675
11291
117788
3101
27679
11295
117792
3105
27683
11299
117796
3109
27687
11303
117800
3113
27691
11307
117804
3117
27695
11311
117808
3121
27699
11315
117812
3125
117815
27703
11319
3129
27707
11323
3133
27711
11327
3137
27714
11331
35908
3141
11334
35911
3144
35914
35917
35920
35923
35926
35929
35932
134239
35935
35938
134243
35941
134247
35943
134251
134255
19568
134259
19572
134263
19576
134266
19580
19584
19588
19592
19596
19600
19604
19608
19612
19615
117949
117953
117957
117961
117965
117969
117973
117976
134408
134412
134416
134420
134424
134428
134432
134435
27940
27944
11560
3370
27948
11564
3374
27952
11568
3378
27956
11572
3382
27960
11576
3386
27964
11580
3390
27968
11584
3394
27972
11588
3398
27976
11592
3402
27980
11596
3406
27984
11600
3410
27987
11604
36181
3414
11607
36184
3417
36187
118110
36190
36193
118114
36196
118118
36199
118122
36202
36205
118126
36208
118130
36211
118134
36214
126327
36216
118137
126331
44411
126335
44415
19841
126339
44419
19845
126343
44423
19849
126347
44427
19853
126351
44431
19857
126354
44435
126357
19861
44439
126360
19865
126363
44443
19869
126366
44447
126369
19873
44451
126372
19877
126375
44455
126377
19881
44458
126380
19885
126383
19888
134577
126386
134581
126389
126392
134585
126395
134589
126398
126400
134593
126403
134597
126406
134601
126409
134604
126412
126415
126418
126421
126423
126426
126429
126432
126435
126438
126441
126444
126446
126448
126450
126452
126454
126456
126458
126460
126461
118271
126466
118275
126471
118279
118283
126476
118287
126481
118291
126486
118295
118298
126491
126496
126500
28213
28217
11833
3643
28221
11837
3647
28225
11841
3651
28229
11845
3655
28233
11849
3659
28237
11853
3663
28241
11857
3667
28245
11861
3671
28249
11865
134746
3675
28253
11869
134750
3679
28257
11873
134754
3683
28260
11877
134758
36454
3687
11880
36457
134762
3690
36460
134766
36463
134770
36466
134773
36469
36472
36475
36478
36481
36484
36487
36489
44684
44688
20114
44692
20118
44696
20122
44700
20126
118432
44704
20130
118436
44708
20134
118440
44712
20138
118444
44716
20142
118448
44720
20146
118452
44724
20150
118456
44728
20154
118459
44731
20158
20161
126690
126694
126698
126702
126706
126710
126714
126717
134915
134919
134923
134927
134931
134935
134939
134942
118593
118597
28486
118601
28490
12106
3916
118605
28494
12110
3920
118609
28498
12114
3924
118613
28502
12118
3928
118617
28506
12122
118620
3932
28510
12126
3936
28514
12130
3940
28518
12134
3944
28522
12138
3948
28526
12142
3952
28530
12146
3956
28533
12150
36727
3960
12153
36730
3963
36733
36736
36739
36742
36745
126859
36748
126863
36751
36754
126867
36757
126871
36760
36762
126875
44957
126879
44961
20386
126883
44965
20389
126886
20392
44969
20395
135084
44973
20398
135088
44977
20401
135092
20404
44981
20407
135096
44985
20410
135100
44989
20413
135104
20416
44993
20419
135108
44997
20421
135111
45001
45004
118754
118758
118762
118766
118770
118774
118778
118781
127028
127032
127036
127040
127044
127048
127052
127055
135253
28759
135257
20569
28763
12379
135261
20573
4189
28767
12383
135265
20577
4193
28771
12387
135269
20581
4197
28775
12391
135273
20585
4201
28779
12395
135277
20589
4205
28783
12399
135280
20593
4209
28787
12403
20597
4213
28791
12407
20601
4217
28795
12411
20605
4221
28799
12415
20609
4225
118915
28803
12419
20613
4229
28806
118919
12423
37000
20616
4233
12426
118923
37003
4236
37006
118927
37009
118931
37012
118935
37015
37018
118939
37021
118942
37024
37027
37030
37033
37035
45230
45234
45238
45242
45246
45250
45254
45258
45262
45266
45270
45274
127197
45277
127201
127205
127209
127213
127217
127221
127224
135422
135426
135430
135434
135438
135442
135446
135449
119076
119080
119084
119088
119092
119096
119100
119103
29032
20842
29036
12652
20846
4462
29040
12656
20850
4466
29044
12660
20854
4470
29048
12664
20858
4474
29052
12668
20862
4478
29056
12672
20866
4482
29060
12676
127366
20870
4486
29064
12680
127370
20874
4490
29068
12684
127374
20878
4494
29072
12688
127378
20882
4498
29076
12692
127382
20886
4502
29079
12696
37273
20889
127386
4506
12699
37276
4509
127390
37279
127393
37282
37285
37288
37291
37294
37297
37300
37303
37306
37308
45503
45507
119237
45511
119241
45515
119245
45519
119249
45523
119253
45527
119257
45531
119261
45535
119264
45539
45543
45547
45550
127535
127539
127543
127547
127551
127555
127559
127562
119398
135785
119402
135789
119406
135793
119410
135797
119414
135801
29305
119418
21115
135805
29309
12925
119422
21119
4735
135809
119425
29313
12929
21123
4739
135812
29317
12933
21127
4743
29321
12937
21131
4747
29325
12941
21135
4751
29329
12945
21139
4755
29333
12949
21143
4759
29337
12953
21147
4763
29341
12957
21151
4767
29345
12961
21155
4771
29349
12965
21159
4775
29352
12969
37546
21162
4779
12972
37549
4782
37552
37555
37558
37561
37564
37567
37570
37573
37576
37579
37581
45776
45780
127703
45784
127706
45788
127709
127712
45792
127715
45796
127718
45800
127721
127723
45804
45808
45812
45816
45820
45823
119559
119563
119567
119571
119575
135961
119579
135964
135967
119583
135970
119586
135973
135976
135979
135981
127817
127821
127825
127829
127833
127837
127841
127844
29578
21388
29582
13198
21392
5008
29586
13202
21396
5012
29590
13206
21400
5016
29594
13210
21404
5020
29598
13214
21408
5024
29602
13218
21412
5028
29606
13222
119720
21416
5032
29610
13226
119724
21420
5036
29614
13230
119728
21424
5040
29618
13234
119732
21428
5044
29622
13238
119736
21432
5048
29625
13242
37819
21435
119740
5052
13245
37822
5055
119744
37825
136130
119747
37828
136133
37831
136136
37834
136139
37837
136142
37840
136145
37843
136148
136150
37846
37849
37852
37854
46049
46053
46057
46061
46065
127986
46069
127990
46073
127994
46077
127998
46081
128002
46085
128006
46089
128010
128013
46093
46096
119881
119885
119889
119893
119897
119901
119905
119908
136299
136302
136305
136308
136311
136314
136317
136319
128155
29851
21661
128159
29855
13471
21665
5281
128163
29859
13475
21669
5285
128167
29863
13479
21673
5289
128171
29867
13483
21677
5293
128175
29871
13487
21681
5297
128179
29875
13491
21685
5301
128182
29879
13495
21689
5305
29883
13499
21693
5309
29887
13503
21697
5313
29891
13507
21701
5317
29895
13511
21705
5321
29898
13515
38092
21708
5325
13518
38095
5328
38098
38101
38104
38107
38110
38113
38116
38119
120042
38122
38125
120046
38127
120050
46322
120054
46326
120058
46330
120062
46334
120066
46338
120069
46342
46346
46350
46354
136468
46358
136471
136474
46362
136477
46366
136480
46369
136483
136486
136488
128324
128328
128332
128336
128340
128344
128348
128351
120203
120207
120211
120215
120219
120223
120227
120230
30124
21934
30128
13744
21938
5554
30132
13748
21942
5558
30136
13752
21946
5562
30140
13756
136637
21950
5566
136640
30144
13760
21954
5570
136643
30148
13764
136646
21958
5574
30152
13768
136649
21962
5578
136652
30156
13772
21966
5582
136655
30160
13776
136657
21970
5586
30164
13780
21974
5590
30168
13784
21978
5594
30171
13788
38365
21981
5598
13791
38368
5601
38371
38374
38377
38380
128493
38383
128497
38386
128501
38389
38392
128505
38395
128509
38398
38400
128513
46595
128517
46599
128520
46603
46607
46611
46615
46619
46623
46627
46631
46635
120364
46639
120368
46642
120372
120376
120380
120384
120388
120391
136806
136809
136812
136815
136818
136821
136824
136826
112259
112264
112269
112274
128662
112279
128666
112284
128670
112289
128674
112293
128678
128682
128686
128689
30397
30401
14017
5827
30405
14021
5831
30409
14025
5835
120525
30413
14029
5839
120529
30417
14033
5843
120533
30421
14037
5847
120537
30425
14041
5851
120541
30429
14045
5855
120545
30433
14049
5859
120549
30437
14053
5863
120552
30441
14057
5867
30444
14061
38638
5871
14064
38641
5874
38644
38647
38650
38653
38656
38659
38662
38665
38668
136975
38671
38673
136978
46868
136981
136984
46872
136987
46876
136990
46880
136993
136995
46884
46888
46892
46896
46900
46904
46908
128831
46912
128835
46915
128839
128843
128847
128851
128855
128858
112475
112479
112483
112487
112491
120686
112495
120690
112499
120694
112502
120698
120702
120706
120710
120713
137144
137147
137150
137153
137156
137159
137162
137164
30670
30674
14290
6100
30678
14294
6104
30682
14298
6108
30686
14302
6112
30690
14306
6116
30694
14310
129000
6120
30698
14314
129004
6124
30702
14318
129008
6128
30706
14322
129012
6132
30710
14326
129016
6136
30714
14330
129020
112636
6140
30717
14334
38911
129024
112640
6144
14337
38914
129027
6147
112644
38917
112648
38920
38923
112652
38926
120847
112656
38929
120851
112660
38932
120855
112663
38935
38938
120859
38941
120863
38944
38946
120867
47141
120871
47145
120874
47149
47153
47157
47161
47165
47169
47173
47177
47181
47185
47188
137313
137316
137319
137322
137325
137328
137331
137333
129169
129173
129177
129181
112797
129185
112801
129189
112805
129193
112809
129196
112813
121008
112817
121012
112821
121016
112824
121020
121024
121028
121032
121035
30943
30947
14563
6373
30951
14567
6377
30955
14571
6381
30959
14575
6385
30963
14579
6389
30967
14583
6393
30971
14587
6397
30975
14591
6401
30979
14595
6405
30983
14599
6409
137482
30987
14603
137485
6413
30990
14607
137488
39184
6417
14610
137491
39187
6420
137494
39190
137497
39193
137500
39196
137502
39199
39202
39205
39208
39211
39214
39217
39219
47414
129338
47418
129342
112958
47422
129346
112962
47426
129350
112966
47430
129354
112970
47434
129358
112974
47438
121169
129362
112978
47442
129365
121173
112982
47446
121177
112985
47450
121181
47454
121185
47458
121189
47461
121193
121196
137651
137654
137657
137660
137663
137666
137669
137671
113119
129507
113123
129511
113127
129515
113131
129519
113135
31216
121330
129523
113139
31220
14836
121334
6646
129527
113143
31224
14840
121338
113146
6650
129531
31228
14844
129534
121342
6654
31232
14848
121346
6658
31236
14852
121350
6662
31240
14856
121354
6666
31244
14860
121357
6670
31248
14864
6674
31252
14868
6678
31256
14872
6682
31260
14876
6686
31263
14880
39457
6690
14883
39460
6693
39463
39466
39469
39472
39475
39478
39481
39484
39487
39490
39492
47686
47689
47692
47695
47698
47701
47704
47707
137820
47710
137823
47713
137826
47716
137829
47719
137832
47721
137835
137838
137840
113280
113284
113288
129676
113292
129680
113296
121491
129684
113300
121495
129688
113304
121499
113307
129692
121503
129696
121507
129700
129703
121511
121515
121518
47869
47873
31489
137989
47877
31493
15109
6919
137992
47881
31497
15113
137995
6923
47885
31501
15117
137998
6927
138001
47889
31505
15121
6931
138004
47893
31509
15125
138007
6935
138009
47897
31513
15129
6939
47901
31517
15133
6943
113441
47905
31521
15137
6947
113445
47909
31525
15141
6951
113449
47913
31529
15145
6955
47916
113453
31533
15149
6959
31536
113457
15153
39730
6963
121652
15156
129845
113461
39733
6966
121656
39736
129849
113465
39739
121660
113468
129853
39742
121664
129857
39745
121668
39748
129861
39751
121672
129865
39754
121676
129869
39757
121679
129872
39760
39763
39765
138158
138161
138164
138167
138170
138173
138176
138178
113602
113606
113610
113614
113618
121813
113622
121817
113626
121821
113629
130014
121825
130018
121829
130022
121833
130026
121837
130030
121840
130034
130038
130041
48142
48146
31762
48150
31766
15382
7192
48154
31770
15386
7196
48158
31774
15390
7200
48162
31778
15394
7204
48166
31782
15398
7208
48170
31786
15402
7212
48174
31790
15406
7216
48178
31794
15410
7220
48182
31798
15414
7224
48186
31802
15418
23611
7228
48189
31806
15422
23615
7232
31809
15426
40003
23619
7236
15429
40006
23623
7239
40009
23627
40012
40015
23631
40018
23635
40021
138327
23639
40024
138330
40027
23643
138333
40030
23647
138336
40033
138339
113763
23651
40036
138342
40038
113767
23655
138345
23658
138347
113771
23662
113775
23665
113779
23668
121974
113783
23671
121978
23674
113787
23677
121982
113790
23680
121986
23683
121990
23686
130183
23689
121994
130187
23692
121998
130191
23695
122001
23697
130195
23701
130199
23704
130203
23707
23710
130207
23713
130210
23716
23719
23722
23725
23728
23731
23734
23736
23740
23743
23746
23749
23752
23755
23758
23761
23764
23767
23770
23773
23775
23779
23782
23785
23788
23791
23794
23797
23800
23803
23806
138496
23809
138499
113924
23812
138502
23814
113928
138505
23817
23819
138508
113932
23821
138511
23823
113936
23825
138514
23827
138516
113940
23829
122135
23831
113944
23833
122139
23835
113948
23837
122143
113951
48415
23839
23840
122147
48419
32035
23846
122151
48423
32039
15655
7465
122155
48427
32043
23851
15659
7469
122159
48431
32047
15663
130352
23856
7473
122162
48435
32051
15667
130356
23861
7477
48439
32055
15671
130360
7481
23866
48443
32059
15675
130364
7485
48447
32063
23871
15679
130368
7489
48451
32067
15683
130372
23876
7493
48455
32071
15687
130376
23881
7497
130379
48459
32075
15691
7501
48462
23886
32079
15695
7505
32082
23891
15699
40276
7509
15702
40279
23896
7512
40282
40285
23901
40288
23905
40291
40294
40297
40300
40303
40306
40309
40311
114085
138665
114089
138668
114093
138671
114097
138674
138677
114101
138680
122296
114105
138683
122300
138685
114109
122304
114112
122308
122312
122316
122320
122323
130521
130525
130529
130533
130537
130541
130545
130548
48688
48692
32308
48696
32312
15928
7738
48700
32316
15932
7742
48704
32320
15936
7746
48708
32324
15940
114246
7750
48712
32328
15944
114250
7754
48716
32332
15948
114254
7758
48720
32336
15952
138834
114258
7762
48724
32340
15956
138837
114262
7766
138840
48728
32344
15960
122457
114266
7770
138843
48732
32348
15964
122461
138846
114270
7774
48735
32352
15968
138849
122465
114273
7778
32355
138852
15972
122469
40549
138854
7782
15975
40552
122473
7785
40555
122477
40558
122481
40561
122484
40564
40567
40570
40573
40576
130690
40579
130694
40582
40584
130698
130702
24209
130706
24213
130710
24217
130714
130717
24221
24225
24229
24233
24237
24241
24245
24249
24253
24256
114407
114411
114415
114419
114423
122618
139003
114427
139006
122622
114431
139009
122626
114434
139012
122630
139015
139018
122634
139021
122638
139023
122642
122645
130859
130863
130867
130871
130875
130879
48961
130883
48965
32581
130886
48969
32585
16201
8011
48973
32589
16205
8015
48977
32593
16209
8019
48981
32597
16213
8023
48985
32601
16217
8027
48989
32605
16221
8031
48993
32609
16225
8035
48997
32613
16229
8039
49001
32617
16233
8043
49005
32621
16237
8047
49008
32625
16241
8051
32628
16245
40822
8055
16248
40825
8058
40828
40831
40834
40837
114568
40840
40843
114572
40846
114576
40849
114580
40852
40855
114584
40857
122779
114588
122783
114592
24482
122787
114595
139172
24486
139175
122791
139178
24490
122795
139181
24494
122799
139184
24498
139187
122803
139190
122806
24502
139192
24506
24510
24514
24518
24522
24526
24529
131028
131032
131036
131040
131044
131048
131052
131055
)


// ************************************************************************* //
